Month Weighting Strategy: exponential
Experiment: experimento_colab_exponential_202106_zlgbm
==================================================

Month      Weight     Samples   
------------------------------
201901     0.2503     13935     
201902     0.2635     13902     
201903     0.2774     14026     
201904     0.2920     13884     
201905     0.3074     13853     
201906     0.3235     14196     
201907     0.3406     14156     
201908     0.3585     14408     
201909     0.3774     14470     
201910     0.3972     14704     
201911     0.4181     14929     
201912     0.4401     15245     
202001     0.4633     15409     
202002     0.4877     15417     
202003     0.5133     15400     
202004     0.5404     15881     
202005     0.5688     16131     
202006     0.5987     16552     
202007     0.6302     16578     
202008     0.6634     16435     
202009     0.6983     16757     
202010     0.7351     16943     
202011     0.7738     17079     
202012     0.8145     17082     
202101     0.8574     17258     
202102     0.9025     18263     
202103     0.9500     18013     
202104     1.0000     18356     

==================================================
Statistics:
  Total samples: 439262
  Unique months: 28
  Weight range: [0.2503, 1.0000]
  Mean weight: 0.5641
