Month Weighting Strategy: step
Experiment: experimento_colab_step_202106_zlgbm
==================================================

Month      Weight     Samples   
------------------------------
201901     0.4000     13935     
201902     0.4000     13902     
201903     0.4000     14026     
201904     0.4000     13884     
201905     0.4000     13853     
201906     0.4000     14196     
201907     0.4000     14156     
201908     0.4000     14408     
201909     0.4000     14470     
201910     0.4000     14704     
201911     0.4000     14929     
201912     0.4000     15245     
202001     0.4000     15409     
202002     0.4000     15417     
202003     0.4000     15400     
202004     0.4000     15881     
202005     0.7000     16131     
202006     0.7000     16552     
202007     0.7000     16578     
202008     0.7000     16435     
202009     0.7000     16757     
202010     0.7000     16943     
202011     1.0000     17079     
202012     1.0000     17082     
202101     1.0000     17258     
202102     1.0000     18263     
202103     1.0000     18013     
202104     1.0000     18356     

==================================================
Statistics:
  Total samples: 439262
  Unique months: 28
  Weight range: [0.4000, 1.0000]
  Mean weight: 0.6127
