Month Weighting Strategy: equal
Experiment: experimento_colab_equal_202104_zlgbm
==================================================

Month      Weight     Samples   
------------------------------
201901     1.0000     13935     
201902     1.0000     13902     
201903     1.0000     14026     
201904     1.0000     13884     
201905     1.0000     13853     
201906     1.0000     14196     
201907     1.0000     14156     
201908     1.0000     14408     
201909     1.0000     14470     
201910     1.0000     14704     
201911     1.0000     14929     
201912     1.0000     15245     
202001     1.0000     15409     
202002     1.0000     15417     
202003     1.0000     15400     
202004     1.0000     15881     
202005     1.0000     16131     
202006     1.0000     16552     
202007     1.0000     16578     
202008     1.0000     16435     
202009     1.0000     16757     
202010     1.0000     16943     
202011     1.0000     17079     
202012     1.0000     17082     
202101     1.0000     17258     
202102     1.0000     18263     

==================================================
Statistics:
  Total samples: 402893
  Unique months: 26
  Weight range: [1.0000, 1.0000]
  Mean weight: 1.0000
