Month Weighting Strategy: linear
Experiment: experimento_colab_linear_202104_zlgbm
==================================================

Month      Weight     Samples   
------------------------------
201901     0.3000     13935     
201902     0.3280     13902     
201903     0.3560     14026     
201904     0.3840     13884     
201905     0.4120     13853     
201906     0.4400     14196     
201907     0.4680     14156     
201908     0.4960     14408     
201909     0.5240     14470     
201910     0.5520     14704     
201911     0.5800     14929     
201912     0.6080     15245     
202001     0.6360     15409     
202002     0.6640     15417     
202003     0.6920     15400     
202004     0.7200     15881     
202005     0.7480     16131     
202006     0.7760     16552     
202007     0.8040     16578     
202008     0.8320     16435     
202009     0.8600     16757     
202010     0.8880     16943     
202011     0.9160     17079     
202012     0.9440     17082     
202101     0.9720     17258     
202102     1.0000     18263     

==================================================
Statistics:
  Total samples: 402893
  Unique months: 26
  Weight range: [0.3000, 1.0000]
  Mean weight: 0.6670
