Month Weighting Strategy: equal
Experiment: comp2_entrega4_202108_under0.05_zero_zlgbm
Ensemble size: 1
==================================================

Month      Weight     Samples   
------------------------------
201901     1.0000     7513      
201902     1.0000     7715      
201903     1.0000     7702      
201904     1.0000     7569      
201906     1.0000     7690      
201907     1.0000     7663      
201908     1.0000     7941      
201909     1.0000     7785      
201911     1.0000     8223      
201912     1.0000     8143      
202001     1.0000     8362      
202002     1.0000     8085      
202003     1.0000     7928      
202004     1.0000     8422      
202005     1.0000     8686      
202007     1.0000     8899      
202008     1.0000     8717      
202009     1.0000     8764      
202010     1.0000     8952      
202011     1.0000     9043      
202012     1.0000     9162      
202101     1.0000     9328      
202102     1.0000     9904      
202103     1.0000     10142     
202104     1.0000     10177     
202105     1.0000     10086     
202106     1.0000     10096     

==================================================
Statistics:
  Total samples: 232697
  Unique months: 27
  Weight range: [1.0000, 1.0000]
  Mean weight: 1.0000
