Month Weighting Strategy: linear
Experiment: experimento_colab_linear_202106_zlgbm
==================================================

Month      Weight     Samples   
------------------------------
201901     0.3000     13935     
201902     0.3259     13902     
201903     0.3519     14026     
201904     0.3778     13884     
201905     0.4037     13853     
201906     0.4296     14196     
201907     0.4556     14156     
201908     0.4815     14408     
201909     0.5074     14470     
201910     0.5333     14704     
201911     0.5593     14929     
201912     0.5852     15245     
202001     0.6111     15409     
202002     0.6370     15417     
202003     0.6630     15400     
202004     0.6889     15881     
202005     0.7148     16131     
202006     0.7407     16552     
202007     0.7667     16578     
202008     0.7926     16435     
202009     0.8185     16757     
202010     0.8444     16943     
202011     0.8704     17079     
202012     0.8963     17082     
202101     0.9222     17258     
202102     0.9481     18263     
202103     0.9741     18013     
202104     1.0000     18356     

==================================================
Statistics:
  Total samples: 439262
  Unique months: 28
  Weight range: [0.3000, 1.0000]
  Mean weight: 0.6686
