Month Weighting Strategy: equal
Experiment: comp2_entrega1_202108_zlgbm
==================================================

Month      Weight     Samples   
------------------------------
201901     1.0000     13678     
201902     1.0000     13870     
201903     1.0000     14090     
201904     1.0000     13875     
201905     1.0000     13878     
201906     1.0000     13898     
201907     1.0000     14353     
201908     1.0000     14348     
201909     1.0000     14518     
201910     1.0000     14734     
201911     1.0000     15152     
201912     1.0000     15259     
202001     1.0000     15354     
202002     1.0000     15466     
202003     1.0000     15582     
202004     1.0000     15882     
202005     1.0000     16103     
202006     1.0000     16329     
202007     1.0000     16520     
202008     1.0000     16673     
202009     1.0000     16731     
202010     1.0000     16768     
202011     1.0000     16876     
202012     1.0000     17470     
202101     1.0000     17532     
202102     1.0000     17871     
202103     1.0000     18085     
202104     1.0000     18319     
202105     1.0000     18195     
202106     1.0000     17997     

==================================================
Statistics:
  Total samples: 475406
  Unique months: 30
  Weight range: [1.0000, 1.0000]
  Mean weight: 1.0000
