Month Weighting Strategy: equal
Experiment: comp3_exp3_predict202106_morelags_zlgbm
Ensemble size: 10
==================================================

Month      Weight     Samples   
------------------------------
201901     1.0000     13704     
201902     1.0000     13756     
201903     1.0000     13854     
201904     1.0000     13725     
201906     1.0000     13998     
201907     1.0000     14286     
201908     1.0000     14571     
201909     1.0000     14431     
201911     1.0000     14909     
201912     1.0000     15256     
202001     1.0000     15415     
202002     1.0000     15193     
202003     1.0000     15441     
202004     1.0000     15765     
202005     1.0000     16192     
202007     1.0000     16501     
202008     1.0000     16594     
202009     1.0000     16659     
202010     1.0000     16904     
202011     1.0000     16864     
202012     1.0000     16886     
202101     1.0000     17527     
202102     1.0000     17675     
202103     1.0000     18037     
202104     1.0000     18062     

==================================================
Statistics:
  Total samples: 392205
  Unique months: 25
  Weight range: [1.0000, 1.0000]
  Mean weight: 1.0000
