Month Weighting Strategy: equal
Experiment: model_until_202104_p202106_linearweight_zlgbm
==================================================

Month      Weight     Samples   
------------------------------
201901     1.0000     13777     
201902     1.0000     13924     
201903     1.0000     13865     
201904     1.0000     13751     
201905     1.0000     13896     
201906     1.0000     14055     
201907     1.0000     14219     
201908     1.0000     14185     
201909     1.0000     14486     
201910     1.0000     14808     
201911     1.0000     14887     
201912     1.0000     15086     
202001     1.0000     15456     
202002     1.0000     15363     
202003     1.0000     15341     
202004     1.0000     15795     
202005     1.0000     16347     
202006     1.0000     16374     
202007     1.0000     16459     
202008     1.0000     16640     
202009     1.0000     16822     
202010     1.0000     16870     
202011     1.0000     17154     
202012     1.0000     17310     
202101     1.0000     17468     
202102     1.0000     18007     
202103     1.0000     18242     
202104     1.0000     18124     

==================================================
Statistics:
  Total samples: 438711
  Unique months: 28
  Weight range: [1.0000, 1.0000]
  Mean weight: 1.0000
