Month Weighting Strategy: exponential
Experiment: experimento_colab_exponential_202104_zlgbm
==================================================

Month      Weight     Samples   
------------------------------
201901     0.2774     13935     
201902     0.2920     13902     
201903     0.3074     14026     
201904     0.3235     13884     
201905     0.3406     13853     
201906     0.3585     14196     
201907     0.3774     14156     
201908     0.3972     14408     
201909     0.4181     14470     
201910     0.4401     14704     
201911     0.4633     14929     
201912     0.4877     15245     
202001     0.5133     15409     
202002     0.5404     15417     
202003     0.5688     15400     
202004     0.5987     15881     
202005     0.6302     16131     
202006     0.6634     16552     
202007     0.6983     16578     
202008     0.7351     16435     
202009     0.7738     16757     
202010     0.8145     16943     
202011     0.8574     17079     
202012     0.9025     17082     
202101     0.9500     17258     
202102     1.0000     18263     

==================================================
Statistics:
  Total samples: 402893
  Unique months: 26
  Weight range: [0.2774, 1.0000]
  Mean weight: 0.5840
