Month Weighting Strategy: equal
Experiment: comp2_entrega3_202108_under0.1_zlgbm
Ensemble size: 1
==================================================

Month      Weight     Samples   
------------------------------
201901     1.0000     13678     
201902     1.0000     13897     
201903     1.0000     14072     
201904     1.0000     13855     
201906     1.0000     14110     
201907     1.0000     14006     
201908     1.0000     14505     
201909     1.0000     14427     
201911     1.0000     15120     
201912     1.0000     15187     
202001     1.0000     15581     
202002     1.0000     15427     
202003     1.0000     15306     
202004     1.0000     15980     
202005     1.0000     16382     
202007     1.0000     16472     
202008     1.0000     16564     
202009     1.0000     16640     
202010     1.0000     16861     
202011     1.0000     17077     
202012     1.0000     17223     
202101     1.0000     17279     
202102     1.0000     18091     
202103     1.0000     18413     
202104     1.0000     18097     
202105     1.0000     18175     
202106     1.0000     18312     

==================================================
Statistics:
  Total samples: 430737
  Unique months: 27
  Weight range: [1.0000, 1.0000]
  Mean weight: 1.0000
